-20120316010902
-20120316011228
-20120316011302
-20120316112113
-20120316112120
-20120316113121
-20120316113202
-20120316113213
-20120316113342
-20120316113343
-20120316113407
-20120316113458
-20120316113505
-20120316113511
-20120316132237
-20120316160446
-20120316160450
-20120317163848
-20120317163916
-20120317163920
-20120317164031
-20120317164046
-20120317164119
-20120317164135
-20120317164209
-20120317164226
-20120317164353
-20120317164507
-20120317164520
-20120317164525
-20120317164541
-20120320183330
-20120320183344
-20120320183523
-20120320190118
-20120320193552
-20120320193607
-20120320193636
-20120320193649
-20120320193701
-20120320193717
-20120320193731
-20120320193742
-20120320193806
-20120320193809
-20120320193821
-20120320193829
-20120320193917
-20120320193925
-20120320194211
-20120320194344
-20120320194402
-20120320194444
-20120320194512
-20120320194635
-20120320194657
-20120320194714
-20120320194906
-20120320194919
-20120320194921
-20120320194925
-20120320220042
-20120320220045
-20120320220051
-20120320220053
-20120320220121
-20120320220138
-20120320221055
-20120320221124
-20120320221142
-20120320221224
-20120320221254
-20120320221305
-20120320221340
-20120320221615
-20120320221628
-20120320221642
-20120320221821
-20120320221912
-20120320221950
-20120320222019
-20120320222203
-20120320222224
-20120320222405
-20120320222428
-20120320222542
-20120320222643
-20120320222650
-20120320222707
-20120320222713
-20120320222755
-20120320222813
-20120320222851
-20120320222943
-20120320223014
-20120320223032
-20120320223059
-20120320223112
-20120320223259
-20120320223318
-20120320223324
-20120320223335
-20120320223346
-20120320223412
-20120320223419
-20120320223436
-20120320224800
-20120320225722
-20120320225727
-20120320230354
-20120320230404
-20120320230626
-20120320230640
-20120320230701
-20120320230720
-20120320230901
-20120320230911
-20120320230921
-20120320230927
-20120320230932
-20120320230942
-20120320230956
-20120320231008
-20120320231021
-20120320232015
-20120320232024
-20120320232054
-20120320232241
-20120320232325
-20120320232337
-20120320232404
-20120320232411
-20120320232436
-20120320232443
-20120320232605
-20120320232614
-20120320232627
-20120320232634
-20120320232639
-20120320232650
-20120320233324
-20120320233351
-20120320233400
-20120320233433
-20120320233454
-20120320233916
-20120320233926
-20120320234018
-20120320234025
-20120320234612
-20120320234708
-20120320235018
-20120320235027
-20120320235049
-20120320235101
-20120320235116
-20120320235136
-20120320235202
-20120320235249
-20120320235323
-20120320235439
-20120320235508
-20120320235601
-20120320235619
-20120320235753
-20120320235811
-20120320235813
-20120320235821
-20120320235841
-20120320235850
-20120320235932
-20120320235935
-20120320235945
-20120321000003
-20120321000025
-20120321000050
-20120321000118
-20120321000153
-20120321000244
-20120321000249
-20120321000254
-20120321000302
-20120321000329
